-1.659654615896210217e+00	-3.124077826127810154e-01	-3.772221553232306679e-01	-2.602078284175181055e-01	1.387823895925410222e-01	-1.578320175566527706e+00	-5.970290450817195005e-01	7.226991008663044003e-01	1.096962219619602941e+00	1.641029875750151801e+00
6.094103537499290235e-01	-5.844243183046072820e-01	5.525455761321351744e-01	7.093234048024196214e-01	-7.536974445733780614e-01	6.507689834243861604e-01	1.441446814320433312e+00	7.737751548988689443e-01	-1.031835016499668356e+00	-7.972681736644526840e-01
5.219687344748982216e-01	8.961808908948545316e-01	8.913116089885960713e-01	-4.715862618473020129e-01	-1.192804143713508624e+00	-2.917187777103980584e-01	-4.800835893693929379e-01	1.084650726790982178e+00	3.910966724002077344e-01	-1.250747809052159820e-01
-4.819879191012019226e-01	-4.025557692820510569e-01	-1.821741183351651028e+00	2.433179341972905863e-01	-4.185815390479958320e-01	-5.605348440462462056e-01	-2.237515503191993549e-01	2.063333460278611864e-01	1.039784279385086219e+00	1.630680543801713567e-01
-4.880484332943717529e-01	1.671195732403635281e+00	-2.644554991662335652e-01	1.224447920089699604e+00	1.204223441448679516e-01	-8.037865285135979976e-01	-1.053842053899340492e+00	-1.131806138377264986e-01	1.049467911161312106e+00	3.300363314015570815e-01
2.010236211838959175e+00	-3.863529971339489943e-01	3.176424528246225010e-01	-1.027974958869802974e-01	2.451024221810966797e-01	2.311872752989229785e+00	1.509596546744069456e-01	2.418266273503802688e-01	-1.335745273075213735e+00	3.087652951399256218e-01
-2.189320521802131658e+00	1.075210828356144149e-02	-5.338812781231367932e-01	5.207415085932423082e-01	5.273789601817038264e-01	-7.963050847351315076e-01	-5.318614921369494743e-04	-3.952371432322989708e-01	-5.600439619286813331e-01	-2.256095936441606109e-01
1.235942424193769984e+00	9.870924759714826413e-01	-9.238799565222086674e-01	-1.684663918492341983e+00	1.426448728133028032e+00	1.710992157010675450e-03	1.368975770433749073e+00	1.420835404366467491e+00	-1.059740030588685267e+00	-1.690773179388539216e+00
-5.168721338114293795e-01	6.909352281720885225e-01	-1.209060009510826983e-01	-4.271427832130972324e-02	-1.993144363936323549e+00	5.518344871617180125e-01	8.578419172928130054e-01	2.274780259945131389e-01	-4.126700272765410071e-01	-7.652961530735075124e-01
-1.360378406278175412e-01	6.237990688195126365e-01	-3.844321155484504704e-01	-1.245450518499810366e+00	-2.498615303486778627e-01	1.050764630252698728e+00	-9.697885509693525072e-03	1.793028506717342374e+00	-1.337718487302821391e+00	1.117276375135519279e-01
