3.000000000000000000e+02
1.500000000000000000e+02
1.000000000000000000e+02
7.500000000000000000e+01
6.000000000000000000e+01
5.000000000000000000e+01
4.285714285714285410e+01
3.750000000000000000e+01
3.333333333333333570e+01
3.000000000000000000e+01
2.727272727272727337e+01
2.500000000000000000e+01
2.307692307692307665e+01
2.142857142857142705e+01
2.000000000000000000e+01
1.875000000000000000e+01
1.764705882352941302e+01
1.666666666666666785e+01
1.578947368421052566e+01
1.500000000000000000e+01
1.428571428571428648e+01
1.363636363636363669e+01
1.304347826086956452e+01
1.250000000000000000e+01
1.200000000000000000e+01
1.153846153846153832e+01
1.111111111111111072e+01
1.071428571428571352e+01
1.034482758620689680e+01
1.000000000000000000e+01
9.677419354838709964e+00
9.375000000000000000e+00
9.090909090909091717e+00
8.823529411764706509e+00
8.571428571428571175e+00
8.333333333333333925e+00
8.108108108108108780e+00
7.894736842105262831e+00
7.692307692307692513e+00
7.500000000000000000e+00
7.317073170731707599e+00
7.142857142857143238e+00
6.976744186046511587e+00
6.818181818181818343e+00
6.666666666666666963e+00
6.521739130434782261e+00
6.382978723404255206e+00
6.250000000000000000e+00
6.122448979591836427e+00
6.000000000000000000e+00
5.882352941176471006e+00
5.769230769230769162e+00
5.660377358490565669e+00
5.555555555555555358e+00
5.454545454545454142e+00
5.357142857142856762e+00
5.263157894736842479e+00
5.172413793103448398e+00
5.084745762711864181e+00
5.000000000000000000e+00
4.918032786885246033e+00
4.838709677419354982e+00
4.761904761904761862e+00
4.687500000000000000e+00
4.615384615384614975e+00
4.545454545454545858e+00
4.477611940298507065e+00
4.411764705882353255e+00
4.347826086956521507e+00
4.285714285714285587e+00
4.225352112676056038e+00
4.166666666666666963e+00
4.109589041095890849e+00
4.054054054054054390e+00
4.000000000000000000e+00
3.947368421052631415e+00
3.896103896103896069e+00
3.846153846153846256e+00
3.797468354430379556e+00
3.750000000000000000e+00
3.703703703703703720e+00
3.658536585365853799e+00
3.614457831325301296e+00
3.571428571428571619e+00
3.529411764705882248e+00
3.488372093023255793e+00
3.448275862068965303e+00
3.409090909090909172e+00
3.370786516853932380e+00
3.333333333333333481e+00
3.296703296703296537e+00
3.260869565217391131e+00
3.225806451612903025e+00
3.191489361702127603e+00
3.157894736842105310e+00
3.125000000000000000e+00
3.092783505154639290e+00
3.061224489795918213e+00
3.030303030303030276e+00
3.000000000000000000e+00
